4592.427779
3546.505839
4686.148199
3537.985946
3970.261752
4546.151865
4375.456888
3254.215701
4226.781055
3125.896592
4133.736981
3059.986916
4186.050618
3061.064248
4186.794124
3087.416819
4384.702511
3464.182547
3398.892327
4138.706458
3153.911583
3173.258925
3883.268438
3144.53796
4423.335567
3196.571104
4297.852209
3166.593449
3315.19422
5289.048266
3230.334237
3123.734816
4144.25391
3282.840271
3276.164127
4778.196323
3129.464787
3132.956735
4386.729571
3214.260374
3185.920643
4424.236306
3192.996983
3184.547409
3153.495583
4031.085013
3232.503915
3223.195478
3205.285764
4210.40576
